$ 1 0.000005 10.20027730826997 50 5 50 5e-11
f 304 240 352 240 32 1.5 0.06
w 352 256 352 304 0
w 352 224 352 176 1
g 352 304 352 320 0 0
d 400 304 400 176 2 default
w 352 176 400 176 0
w 352 304 400 304 0
v 192 304 192 240 0 2 50 5 0 0 0.46
w 256 240 304 240 0
w 304 304 352 304 0
r 256 240 256 304 0 99100
r 192 240 256 240 0 100.9
w 192 304 256 304 0
v 496 128 496 48 0 0 40 5 0 0 0.5
w 496 128 496 304 0
w 496 304 400 304 0
w 496 48 224 48 0
r 192 96 192 144 0 100
w 192 48 224 48 0
d 192 96 192 48 2 default
l 224 48 224 144 0 1 0.03365375070964799 0
w 192 144 224 144 0
w 224 144 352 144 0
w 352 144 352 176 0
r 304 240 304 272 0 1000
162 304 272 304 304 2 default-led 1 0 0 0.01
w 304 304 256 304 0
o 20 64 0 4099 20 0.1 0 2 20 3
o 25 64 0 4099 5 0.00625 1 2 25 3
o 17 64 0 4099 10 0.1 2 2 17 3
o 24 64 0 4099 5 0.00625 3 2 24 3
38 11 F1 0 1 1000 -1 Resistance
38 10 F1 0 10000 1000000 -1 Resistance
38 7 F1 5 0 100 -1 Duty\sCycle
