$ 1 0.000005 10.634267539816555 50 5 50 5e-11
w 400 320 400 384 0
f 320 304 400 304 0 1.5 0.02
g 400 384 400 400 0 0
v 512 208 512 144 0 0 40 12 0 0 0.5
v 160 384 160 304 0 2 490 2.5 2.5 0 0
w 160 384 288 384 0
w 400 288 400 208 0
w 512 112 240 112 0
l 240 112 240 208 0 1 1.2000000001135076e-7 0
w 240 208 400 208 0
w 512 208 512 384 0
w 400 384 512 384 0
r 288 304 224 304 0 100
w 224 304 160 304 0
r 288 304 288 384 0 100000
w 288 384 400 384 0
w 320 304 288 304 0
w 240 112 208 112 0
w 240 208 208 208 0
d 208 144 208 112 2 default
r 208 144 208 208 0 100
w 512 112 512 144 0
o 4 64 0 4099 0.0000762939453125 0.00009765625 0 2 4 3
o 8 64 0 4099 20 0.2 1 2 8 3
38 4 F1 5 0 100 -1 Duty\sCycle
